Geo,Year,HhPropIncQ1,HhPropIncQ2,HhPropIncQ3,HhPropIncQ4
24,2019,0.41026,0.17949,0.33333,0.07692
27,2019,0.41026,0.17949,0.33333,0.07692
29,2019,0.39252,0.26168,0.24299,0.1028
32,2019,0.45788,0.21814,0.18143,0.14255
34,2019,0.37975,0.20253,0.26582,0.1519
37,2019,0.5,0.03571,0.32143,0.14286
42,2019,0.41935,0.21505,0.24373,0.12186
44,2019,0.37338,0.23052,0.25325,0.14286
60,2019,0.39568,0.2446,0.23022,0.1295
74,2019,0.46341,0.2439,0.18293,0.10976
96,2019,0.55556,0.11111,0.16667,0.16667
98,2019,0.55556,0.11111,0.16667,0.16667
105,2019,0.29032,0.25806,0.25806,0.19355
122,2019,0.54839,0.12903,0.16129,0.16129
123,2019,0.34266,0.16783,0.25874,0.23077
124,2019,0.43007,0.2028,0.26224,0.1049
127,2019,0.41538,0.24615,0.2,0.13846
148,2019,0.44681,0.25532,0.14894,0.14894
150,2019,0.35577,0.15385,0.24038,0.25
155,2019,0.31401,0.20773,0.28502,0.19324
157,2019,0.46726,0.20536,0.22024,0.10714
158,2019,0.39031,0.21939,0.20918,0.18112
159,2019,0.36982,0.19527,0.23669,0.19822
169,2019,0,0,1,0
172,2019,0.33636,0.25,0.23636,0.17727
173,2019,0.31405,0.20661,0.2562,0.22314
181,2019,0.31405,0.20661,0.2562,0.22314
187,2019,0.52402,0.17904,0.15721,0.13974
188,2019,0.14545,0.16364,0.3,0.39091
189,2019,0.47368,0.14035,0.24561,0.14035
191,2019,0.35855,0.21711,0.24671,0.17763
192,2019,0.35855,0.21711,0.24671,0.17763
198,2019,0.41504,0.22563,0.18942,0.16992
204,2019,0.425,0.1875,0.1825,0.205
208,2019,0.50175,0.24561,0.17544,0.07719
213,2019,0.4586,0.25159,0.17834,0.11146
216,2019,0,0,0.5,0.5
221,2019,0.33141,0.21614,0.28242,0.17003
233,2019,0.33141,0.21614,0.28242,0.17003
234,2019,0.53875,0.18081,0.1845,0.09594
258,2019,0.31081,0.27703,0.27027,0.14189
261,2019,0.18519,0.18519,0.25926,0.37037
264,2019,0,0.14286,0,0.85714
265,2019,0.22689,0.14286,0.31933,0.31092
267,2019,0.22917,0.125,0.25,0.39583
268,2019,0.26667,0.25,0.3,0.18333
270,2019,0.29412,0.17647,0.23529,0.29412
271,2019,0.18831,0.13636,0.33766,0.33766
272,2019,0.19048,0.12698,0.36508,0.31746
276,2019,0.19048,0.12698,0.36508,0.31746
278,2019,0.26087,0.17391,0.25,0.31522
280,2019,0.21569,0.29412,0.19608,0.29412
282,2019,0.21831,0.1831,0.32042,0.27817
283,2019,0.15698,0.1686,0.32558,0.34884
284,2019,0.20192,0.16346,0.33173,0.30288
285,2019,0.17557,0.19084,0.32061,0.31298
286,2019,0.29167,0.10417,0.22917,0.375
287,2019,0.23944,0.17606,0.25352,0.33099
288,2019,0.23392,0.14035,0.28363,0.34211
289,2019,0.31579,0.15205,0.21053,0.32164
290,2019,0.5,0.5,0,0
291,2019,0.23507,0.1791,0.29851,0.28731
292,2019,0.25862,0.01724,0.31034,0.41379
293,2019,0.18421,0.22368,0.21711,0.375
294,2019,0.16667,0,0.33333,0.5
297,2019,0.25253,0.21198,0.247,0.28848
298,2019,0.23684,0.17544,0.32456,0.26316
301,2019,0.19799,0.15288,0.25815,0.39098
303,2019,0.25552,0.1735,0.26814,0.30284
305,2019,0.26778,0.14226,0.34728,0.24268
307,2019,0.28571,0.42857,0.28571,0
308,2019,0.22071,0.18529,0.26703,0.32698
309,2019,0.20779,0.15584,0.27273,0.36364
310,2019,0.18112,0.17602,0.32398,0.31888
312,2019,0.2254,0.19206,0.29524,0.2873
313,2019,0.41667,0.08333,0.16667,0.33333
314,2019,0.22409,0.15406,0.35294,0.26891
316,2019,0.17978,0.17697,0.32303,0.32022
318,2019,0.07692,0.46154,0.23077,0.23077
319,2019,0.07692,0.46154,0.23077,0.23077
320,2019,0.29833,0.15752,0.27924,0.26492
321,2019,0.2687,0.16066,0.24931,0.32133
322,2019,0.2142,0.16414,0.30733,0.31432
323,2019,0.24778,0.16384,0.31073,0.27764
324,2019,0.22032,0.17808,0.27854,0.32306
325,2019,0.13636,0.18687,0.33333,0.34343
326,2019,0.22353,0.20321,0.2631,0.31016
327,2019,0.2077,0.17607,0.2751,0.34113
328,2019,0.21287,0.18812,0.21287,0.38614
329,2019,0.18581,0.2,0.28129,0.3329
330,2019,0.19006,0.19006,0.2743,0.34557
331,2019,0.19275,0.19769,0.25535,0.3542
332,2019,0.23108,0.17311,0.27939,0.31643
333,2019,0.2218,0.18294,0.28246,0.3128
334,2019,0.16797,0.20768,0.27409,0.35026
335,2019,0.23431,0.21373,0.2598,0.29216
336,2019,0.1875,0.20076,0.26894,0.3428
337,2019,0.19971,0.21145,0.25698,0.33186
338,2019,0.20623,0.19066,0.24514,0.35798
339,2019,0.22569,0.17767,0.28331,0.31333
340,2019,0.25969,0.19186,0.24031,0.30814
341,2019,0.24151,0.1673,0.28679,0.3044
342,2019,0.21239,0.21239,0.27212,0.3031
343,2019,0.19832,0.17318,0.29469,0.3338
344,2019,0.23791,0.20483,0.23791,0.31934
345,2019,0.22388,0.18657,0.2528,0.33675
347,2019,0.24511,0.15319,0.2914,0.3103
348,2019,0.20365,0.16413,0.26748,0.36474
349,2019,0.23944,0.17985,0.27302,0.30769
350,2019,0.16091,0.21382,0.2419,0.38337
351,2019,0.18868,0.17925,0.25472,0.37736
352,2019,0.16988,0.21815,0.26737,0.34459
353,2019,0.24242,0.16364,0.33939,0.25455
354,2019,0.14055,0.13825,0.28802,0.43318
355,2019,0.11637,0.16684,0.31102,0.40577
356,2019,0.20314,0.19371,0.27862,0.32453
357,2019,0.17918,0.20074,0.24833,0.37175
358,2019,0.29167,0.14583,0.22917,0.33333
359,2019,0.18656,0.21574,0.25287,0.34483
360,2019,0.13063,0.21471,0.25976,0.39489
361,2019,0.17604,0.20313,0.27604,0.34479
362,2019,0.23975,0.18612,0.23659,0.33754
363,2019,0.12739,0.09873,0.30573,0.46815
364,2019,0.11021,0.1329,0.30146,0.45543
365,2019,0.17216,0.2381,0.20513,0.38462
366,2019,0.15512,0.19472,0.23762,0.41254
367,2019,0.19375,0.21042,0.24514,0.35069
368,2019,0.10701,0.1476,0.28044,0.46494
369,2019,0.09922,0.16899,0.31008,0.42171
370,2019,0.10644,0.11485,0.28571,0.493
371,2019,0.15227,0.16847,0.28834,0.39093
373,2019,0.15777,0.17517,0.29466,0.37239
374,2019,0.08333,0.13889,0.36111,0.41667
375,2019,0.21557,0.16467,0.29641,0.32335
376,2019,0.14159,0.19469,0.31858,0.34513
378,2019,0.19491,0.15803,0.295,0.35206
379,2019,0.14052,0.19509,0.28922,0.37517
380,2019,0.16364,0.17597,0.32273,0.33766
381,2019,0.15963,0.1498,0.31174,0.37883
382,2019,0.16593,0.14823,0.31858,0.36726
383,2019,0.18315,0.18381,0.28534,0.34771
384,2019,0.12936,0.16648,0.30821,0.39595
385,2019,0.18732,0.17958,0.31197,0.32113
386,2019,0,0,0,1
387,2019,0.11073,0.15297,0.32763,0.40868
388,2019,0.23164,0.12429,0.28531,0.35876
389,2019,0.1858,0.16493,0.2881,0.36117
390,2019,0.2172,0.16452,0.3129,0.30538
391,2019,0.18413,0.14952,0.28473,0.38163
392,2019,0.13745,0.14827,0.30628,0.40801
393,2019,0.14937,0.14937,0.31257,0.3887
394,2019,0.14789,0.15769,0.2811,0.41332
395,2019,0.11551,0.1262,0.32513,0.43316
396,2019,0.12907,0.17471,0.29748,0.39874
397,2019,0.21267,0.2406,0.25456,0.29216
398,2019,0.22414,0.25862,0.26724,0.25
399,2019,0.20682,0.20914,0.30209,0.28195
400,2019,0.22078,0.22078,0.29071,0.26773
401,2019,0.23171,0.22683,0.28293,0.25854
402,2019,0.22044,0.23652,0.25544,0.28761
403,2019,0.21721,0.21516,0.28893,0.27869
404,2019,0.17614,0.22727,0.27841,0.31818
405,2019,0.23136,0.24289,0.25288,0.27287
406,2019,0.19403,0.1791,0.28358,0.34328
407,2019,0.14041,0.21918,0.33562,0.30479
408,2019,0.18056,0.27083,0.26389,0.28472
409,2019,0.19516,0.20553,0.28497,0.31434
410,2019,0.18158,0.21629,0.27637,0.32577
411,2019,0.19937,0.25831,0.27273,0.26959
412,2019,0.18644,0.22599,0.2841,0.30347
413,2019,0.1693,0.21302,0.30605,0.31163
414,2019,0.18562,0.23529,0.278,0.30109
415,2019,0.2099,0.23663,0.27772,0.27574
416,2019,0.11,0.22,0.37,0.3
417,2019,0.14903,0.24784,0.29601,0.30712
418,2019,0.14651,0.24376,0.28215,0.32758
419,2019,0.15446,0.19604,0.29109,0.35842
420,2019,0.15446,0.19604,0.29109,0.35842
422,2019,0.15446,0.19604,0.29109,0.35842
423,2019,0.14912,0.27318,0.2782,0.2995
424,2019,0.12803,0.27682,0.31834,0.27682
425,2019,0.12551,0.25506,0.31781,0.30162
426,2019,0.13026,0.22462,0.29282,0.35231
427,2019,0.13455,0.24364,0.28,0.34182
428,2019,0.16667,0.19298,0.33333,0.30702
429,2019,0.12167,0.25833,0.28333,0.33667
430,2019,0.11765,0.17647,0.23529,0.47059
431,2019,0.19614,0.2074,0.26527,0.33119
432,2019,0.16079,0.24664,0.27418,0.31839
433,2019,0.16575,0.2371,0.28101,0.31614
434,2019,0.14686,0.24831,0.2657,0.33913
435,2019,0.13217,0.22746,0.27459,0.36578
436,2019,0.12166,0.20475,0.30564,0.36795
437,2019,0.14371,0.22432,0.28604,0.34592
438,2019,0.14226,0.23189,0.29234,0.33351
439,2019,0.43348,0.25966,0.16953,0.13734
440,2019,0.38861,0.29208,0.25,0.06931
441,2019,0.42197,0.28324,0.2341,0.06069
442,2019,0.47368,0.13158,0.34211,0.05263
443,2019,0.44624,0.20968,0.27419,0.06989
444,2019,0.45455,0.18182,0.27273,0.09091
445,2019,0.4,0.15,0.3,0.15
447,2019,0.375,0.125,0.29167,0.20833
449,2019,0,0,1,0
450,2019,0.49857,0.22636,0.2063,0.06877
451,2019,0.49871,0.21337,0.1928,0.09512
452,2019,0.43429,0.17143,0.21143,0.18286
453,2019,0.6,0.13333,0.16667,0.1
454,2019,0.45887,0.16017,0.2684,0.11255
455,2019,0.51698,0.27925,0.15094,0.05283
456,2019,0.48331,0.25596,0.18601,0.07472
457,2019,0.47331,0.20996,0.24199,0.07473
458,2019,0.44973,0.25411,0.24497,0.05119
459,2019,0.43426,0.19124,0.22311,0.15139
460,2019,0.39789,0.20775,0.22887,0.16549
461,2019,0.41889,0.20143,0.2139,0.16578
462,2019,0.43399,0.19307,0.19307,0.17987
463,2019,0.43103,0.28621,0.20345,0.07931
464,2019,0.42205,0.26787,0.22997,0.0801
465,2019,0.43422,0.28168,0.22276,0.06134
466,2019,0.44856,0.28807,0.19342,0.06996
467,2019,0.43612,0.29295,0.21366,0.05727
468,2019,0.5122,0.19512,0.2439,0.04878
469,2019,0.45122,0.26524,0.22154,0.06199
470,2019,0.38308,0.30348,0.28358,0.02985
471,2019,0.57169,0.28864,0.12104,0.01862
472,2019,0.54591,0.2928,0.14144,0.01985
473,2019,0.5,0.375,0.125,0
474,2019,0.5,0.375,0.125,0
475,2019,0.34757,0.29709,0.29126,0.06408
476,2019,0.43197,0.28912,0.21088,0.06803
477,2019,0.46712,0.27123,0.21096,0.05068
478,2019,0.45455,0.36364,0.04545,0.13636
480,2019,0.44663,0.2809,0.21348,0.05899
482,2019,0.40062,0.31988,0.23602,0.04348
483,2019,0.37255,0.2549,0.2549,0.11765
484,2019,0.38202,0.34029,0.2183,0.05939
485,2019,0.34646,0.32677,0.25197,0.0748
486,2019,0.3125,0.5,0.125,0.0625
487,2019,0.42818,0.30352,0.20054,0.06775
490,2019,0.39683,0.42857,0.1746,0
491,2019,0.53809,0.27328,0.15961,0.02902
492,2019,0.47332,0.321,0.16954,0.03614
493,2019,0.53058,0.27312,0.16785,0.02845
494,2019,0.54639,0.27377,0.15235,0.02749
495,2019,0.54335,0.26984,0.15873,0.02808
496,2019,0.51106,0.30221,0.15725,0.02948
497,2019,0.50935,0.29928,0.16619,0.02518
498,2019,0.53857,0.26367,0.17812,0.01964
499,2019,0.56242,0.24966,0.15168,0.03624
500,2019,0.56774,0.20645,0.17419,0.05161
501,2019,0.47094,0.31663,0.17234,0.04008
502,2019,0.51037,0.29322,0.16321,0.0332
503,2019,0.57778,0.24889,0.15111,0.02222
504,2019,0.51603,0.30612,0.15743,0.02041
505,2019,0.56349,0.25556,0.16032,0.02063
506,2019,0.51351,0.2973,0.13514,0.05405
507,2019,0.56554,0.26779,0.12921,0.03745
508,2019,0.5,0.2716,0.16667,0.06173
511,2019,0.44737,0.23684,0.31579,0
512,2019,0.59091,0.31818,0.09091,0
517,2019,0.45882,0.29706,0.1902,0.05392
518,2019,0.4245,0.31054,0.19943,0.06553
519,2019,0.5,0.27632,0.15789,0.06579
520,2019,0.54717,0.32075,0.11321,0.01887
521,2019,0.49231,0.33846,0.12308,0.04615
523,2019,0.51724,0.13793,0.24138,0.10345
524,2019,0.38596,0.25731,0.25731,0.09942
526,2019,0.36364,0.18182,0.27273,0.18182
527,2019,0.26667,0.13333,0.4,0.2
528,2019,0.4269,0.2924,0.19883,0.08187
530,2019,0.22222,0.66667,0.11111,0
531,2019,0.4359,0.33333,0.17949,0.05128
532,2019,0.83333,0.16667,0,0
533,2019,0.38462,0.23077,0.23077,0.15385
536,2019,0.5,0.27193,0.21053,0.01754
537,2019,0.36941,0.24941,0.27529,0.10588
538,2019,0.39416,0.25547,0.25912,0.09124
539,2019,0.43511,0.25954,0.20992,0.09542
540,2019,0.41818,0.25091,0.22909,0.10182
541,2019,0.40541,0.28829,0.20721,0.0991
542,2019,0.3964,0.24775,0.25225,0.1036
544,2019,0.48521,0.21302,0.23669,0.06509
545,2019,0.33333,0.66667,0,0
547,2019,0.43161,0.27052,0.21884,0.07903
548,2019,0.34737,0.27895,0.25789,0.11579
549,2019,0.39604,0.28713,0.22772,0.08911
550,2019,0.47093,0.2064,0.22965,0.09302
551,2019,0.54717,0.16981,0.16981,0.11321
553,2019,0.4,0.25625,0.275,0.06875
554,2019,0.39665,0.2905,0.24022,0.07263
555,2019,0.42667,0.26,0.24,0.07333
556,2019,0.3937,0.25197,0.19685,0.15748
557,2019,0.38202,0.2809,0.2809,0.05618
561,2019,0.38776,0.30612,0.22449,0.08163
562,2019,0.34783,0.32609,0.21739,0.1087
563,2019,0.25532,0.31915,0.34043,0.08511
564,2019,0.40278,0.24421,0.24306,0.10995
565,2019,0.3707,0.29499,0.2586,0.07571
566,2019,0.39679,0.29587,0.22706,0.08028
567,2019,0.35714,0.32143,0.21429,0.10714
568,2019,0.41481,0.31339,0.19168,0.08012
569,2019,0.41333,0.34667,0.16,0.08
570,2019,0.37748,0.37417,0.16391,0.08444
571,2019,0.26923,0.40385,0.26923,0.05769
572,2019,0.38408,0.35754,0.1662,0.09218
573,2019,0.38391,0.3285,0.18997,0.09763
574,2019,0.43487,0.32563,0.16176,0.07773
575,2019,0.41527,0.34351,0.1771,0.06412
576,2019,0.44599,0.31327,0.17284,0.0679
577,2019,0.43738,0.30443,0.16378,0.09441
578,2019,0.39529,0.34555,0.1911,0.06806
579,2019,0.51515,0.30303,0.12121,0.06061
580,2019,0.38594,0.36175,0.18203,0.07028
581,2019,0.46504,0.31356,0.18962,0.03178
582,2019,0.45328,0.32775,0.1841,0.03487
583,2019,0.41832,0.37376,0.16584,0.04208
584,2019,0.44,0.36,0.16,0.04
585,2019,0.35484,0.41935,0.19355,0.03226
586,2019,0.36637,0.28829,0.22222,0.12312
587,2019,0.3545,0.36243,0.20635,0.07672
588,2019,0.35029,0.33659,0.26027,0.05284
589,2019,0.32104,0.34563,0.28142,0.05191
590,2019,0.33602,0.37366,0.23253,0.0578
591,2019,0.32971,0.3523,0.27448,0.04351
592,2019,0.35922,0.33098,0.25243,0.05737
593,2019,0.36691,0.33813,0.247,0.04796
594,2019,0.41135,0.32624,0.22695,0.03546
595,2019,0.25,0.40909,0.25,0.09091
596,2019,0.31076,0.3506,0.2988,0.03984
597,2019,0.33916,0.26224,0.2028,0.1958
598,2019,0.34201,0.19331,0.22677,0.23792
599,2019,0.37758,0.22714,0.21534,0.17994
600,2019,0.33333,0.2735,0.2265,0.16667
601,2019,0.38384,0.24242,0.22727,0.14646
602,2019,0.41404,0.26218,0.15759,0.16619
603,2019,0.42172,0.23737,0.19697,0.14394
604,2019,0.35469,0.32489,0.22653,0.09389
605,2019,0.34347,0.29179,0.18237,0.18237
606,2019,0.39429,0.2607,0.1725,0.1725
607,2019,0.64103,0.17949,0.12821,0.05128
608,2019,0.41111,0.26389,0.18333,0.14167
609,2019,0.29545,0.2803,0.24242,0.18182
610,2019,0.38384,0.29293,0.17677,0.14646
611,2019,0.32402,0.28492,0.22346,0.1676
612,2019,0.33333,0.33333,0.33333,0
613,2019,0.34351,0.23664,0.17557,0.24427
614,2019,0.52632,0.31579,0.05263,0.10526
615,2019,0.25,0.5,0,0.25
616,2019,0.29139,0.35099,0.17219,0.18543
617,2019,0.42969,0.24219,0.19141,0.13672
618,2019,0.41379,0.24138,0.24138,0.10345
619,2019,0.38462,0.23462,0.2,0.18077
620,2019,0.3625,0.2375,0.2125,0.1875
621,2019,0.4717,0.20755,0.17925,0.14151
622,2019,0.41667,0.20833,0.25,0.125
623,2019,0.30952,0.19048,0.25,0.25
624,2019,0.43599,0.21799,0.20415,0.14187
625,2019,0.39901,0.24384,0.18227,0.17488
626,2019,0.40534,0.24879,0.20146,0.14442
627,2019,0.39914,0.27039,0.15451,0.17597
628,2019,0.32143,0.25,0.25,0.17857
629,2019,0.33036,0.27679,0.20536,0.1875
630,2019,0.3913,0.21957,0.21522,0.17391
631,2019,0.38872,0.21068,0.21068,0.18991
632,2019,0.37877,0.25033,0.21756,0.15334
633,2019,0.39925,0.23805,0.20712,0.15558
634,2019,0.43367,0.2449,0.16327,0.15816
635,2019,0.38538,0.2392,0.19601,0.1794
636,2019,0.4125,0.28929,0.20357,0.09464
637,2019,0.38003,0.29702,0.24514,0.07782
644,2019,0.32819,0.28571,0.26255,0.12355
645,2019,0,0,1,0
647,2019,0.34066,0.32182,0.23234,0.10518
649,2019,0.33519,0.29259,0.26296,0.10926
650,2019,0.33225,0.31922,0.21173,0.13681
651,2019,0.48178,0.22267,0.20648,0.08907
652,2019,0.29594,0.30368,0.27466,0.12573
653,2019,0.37656,0.30175,0.23691,0.08479
655,2019,0.41639,0.25314,0.17383,0.15664
657,2019,0.34037,0.29024,0.25858,0.11082
658,2019,0.41355,0.27804,0.22897,0.07944
659,2019,0.41738,0.30477,0.23745,0.04039
660,2019,0.42553,0.28661,0.25031,0.03755
661,2019,0.45358,0.2374,0.25862,0.0504
662,2019,0.40533,0.21067,0.29867,0.08533
663,2019,0.41379,0.21379,0.31034,0.06207
664,2019,0.38806,0.23134,0.32338,0.05721
666,2019,0.41031,0.23767,0.30717,0.04484
667,2019,0.39274,0.24092,0.30528,0.06106
669,2019,0.30172,0.31034,0.27299,0.11494
670,2019,0.36529,0.2562,0.2843,0.09421
671,2019,0.27735,0.31298,0.27481,0.13486
672,2019,0.32847,0.26277,0.28467,0.12409
674,2019,0.45274,0.27032,0.23715,0.0398
675,2019,0.46148,0.26656,0.22496,0.047
676,2019,0.38697,0.27203,0.18774,0.15326
677,2019,0.37054,0.26786,0.22768,0.13393
679,2019,0.33934,0.31231,0.18018,0.16817
680,2019,0,1,0,0
681,2019,0.3519,0.28608,0.22532,0.13671
682,2019,0.38521,0.25032,0.20233,0.16213
683,2019,0.38521,0.25032,0.20233,0.16213
685,2019,0.28302,0.32075,0.30189,0.09434
687,2019,0.44949,0.26884,0.24144,0.04024
688,2019,0,0.25,0.5,0.25
689,2019,0.47269,0.27913,0.21359,0.03459
690,2019,0.43662,0.28169,0.24346,0.03823
691,2019,0.36418,0.30492,0.24111,0.08979
692,2019,0.36418,0.30492,0.24111,0.08979
693,2019,0.35673,0.31579,0.21345,0.11404
694,2019,0.31746,0.31878,0.25132,0.11243
695,2019,0.31924,0.29387,0.27484,0.11205
696,2019,0.33333,0.28889,0.26667,0.11111
697,2019,0.37805,0.27642,0.23171,0.11382
699,2019,0.38944,0.30528,0.21255,0.09272
700,2019,0.35966,0.28225,0.24081,0.11728
702,2019,0.33119,0.27552,0.29051,0.10278
703,2019,0.32774,0.31097,0.24645,0.11484
704,2019,0.5,0.25,0.16667,0.08333
705,2019,0.11862,0.16969,0.23394,0.47776
706,2019,0.16447,0.15789,0.19737,0.48026
707,2019,0.14834,0.20795,0.25298,0.39073
708,2019,0.11966,0.20513,0.23932,0.4359
709,2019,0.36006,0.25457,0.218,0.16737
710,2019,0.28135,0.24465,0.25076,0.22324
711,2019,0.10863,0.13579,0.23278,0.52279
712,2019,0.10991,0.12906,0.22981,0.53122
713,2019,0.08786,0.16571,0.19357,0.55286
714,2019,0.08333,0.16315,0.18779,0.56573
715,2019,0.13312,0.14722,0.20439,0.51527
716,2019,0.09091,0.31818,0.09091,0.5
717,2019,0.11688,0.18738,0.21429,0.48145
718,2019,0.12086,0.20273,0.21442,0.46199
719,2019,0.12603,0.16942,0.2376,0.46694
721,2019,0.10814,0.1531,0.19077,0.548
722,2019,0.09372,0.17322,0.19665,0.5364
723,2019,0.13846,0.16044,0.22637,0.47473
724,2019,0.14535,0.18488,0.23605,0.43372
727,2019,0.06989,0.18817,0.22581,0.51613
728,2019,0.12544,0.12811,0.21263,0.53381
729,2019,0.12065,0.13074,0.21706,0.53155
730,2019,0.1319,0.18907,0.22969,0.44935
731,2019,0.15034,0.12685,0.23221,0.4906
732,2019,0.33285,0.31129,0.23149,0.12437
733,2019,0.35513,0.28975,0.23056,0.12457
734,2019,0.16522,0.2,0.37391,0.26087
735,2019,0.17299,0.15357,0.2083,0.46514
736,2019,0.18843,0.1875,0.25933,0.36474
737,2019,0.14628,0.1516,0.25,0.45213
738,2019,0.13673,0.17828,0.26408,0.42091
739,2019,0.16241,0.14887,0.22406,0.46466
740,2019,0.16234,0.20455,0.26948,0.36364
741,2019,0.16129,0.16129,0.14516,0.53226
742,2019,0.14754,0.13115,0.21311,0.5082
743,2019,0.11438,0.20261,0.2451,0.43791
744,2019,0.18959,0.20446,0.23048,0.37546
745,2019,0.11679,0.15328,0.3236,0.40633
746,2019,0.13476,0.16914,0.29833,0.39777
747,2019,0.15278,0.14722,0.31389,0.38611
748,2019,0.12633,0.18209,0.25504,0.43654
749,2019,0.17135,0.23963,0.27979,0.30924
750,2019,0.10897,0.17788,0.30128,0.41186
751,2019,0.10897,0.13167,0.32577,0.4336
752,2019,0.12842,0.17896,0.3347,0.35792
753,2019,0.14072,0.20646,0.27336,0.37947
754,2019,0.10361,0.11928,0.29036,0.48675
755,2019,0.12533,0.124,0.24533,0.50533
756,2019,0.11881,0.16436,0.32673,0.3901
757,2019,0.13523,0.14235,0.28114,0.44128
758,2019,0.15044,0.11504,0.29204,0.44248
759,2019,0.1388,0.13211,0.28595,0.44314
760,2019,0.15013,0.14745,0.24665,0.45576
761,2019,0.15429,0.21714,0.30286,0.32571
762,2019,0.17552,0.15242,0.3164,0.35566
763,2019,0.17347,0.1301,0.30357,0.39286
764,2019,0.14542,0.15538,0.29283,0.40637
765,2019,0.1375,0.12404,0.32115,0.41731
766,2019,0.14286,0.13571,0.29018,0.43125
767,2019,0.14959,0.20014,0.30902,0.34125
768,2019,0.36402,0.27642,0.25413,0.10543
769,2019,0.3782,0.26372,0.24543,0.11266
770,2019,0.11686,0.18173,0.32632,0.37509
771,2019,0.17819,0.26507,0.24557,0.31117
772,2019,0.39334,0.28549,0.2089,0.11227
773,2019,0.30674,0.34539,0.24589,0.10197
774,2019,0.31946,0.32752,0.25503,0.09799
775,2019,0.31948,0.35863,0.24118,0.08072
776,2019,0.28464,0.3633,0.25468,0.09738
777,2019,0.31332,0.34389,0.25109,0.0917
778,2019,0.26923,0.33974,0.29487,0.09615
779,2019,0.39546,0.34437,0.193,0.06717
780,2019,0.32025,0.32128,0.2624,0.09607
781,2019,0.33506,0.30181,0.23359,0.12953
782,2019,0.40294,0.26209,0.22915,0.10582
783,2019,0.3724,0.26351,0.26101,0.10308
784,2019,0.39806,0.25471,0.25928,0.08795
785,2019,0.34158,0.28412,0.27853,0.09577
786,2019,0.13443,0.20328,0.31148,0.35082
787,2019,0.12245,0.22449,0.2381,0.41497
788,2019,0.09114,0.19241,0.3038,0.41266
789,2019,0.0828,0.13376,0.3758,0.40764
790,2019,0.32415,0.29855,0.26763,0.10966
791,2019,0.06798,0.15351,0.32895,0.44956
792,2019,0.11182,0.1802,0.33191,0.37607
793,2019,0.26829,0.34495,0.31359,0.07317
794,2019,0.26829,0.34495,0.31359,0.07317
795,2019,0.34189,0.29522,0.27421,0.08868
796,2019,0.29493,0.36923,0.24353,0.09231
797,2019,0.43182,0.38636,0.10227,0.07955
798,2019,0.48783,0.32809,0.12576,0.05832
799,2019,0.45263,0.33368,0.14737,0.06632
800,2019,0.45263,0.33368,0.14737,0.06632
801,2019,0.41066,0.36888,0.16282,0.05764
802,2019,0.46458,0.35104,0.12188,0.0625
804,2019,0.42688,0.38735,0.14229,0.04348
805,2019,0.48227,0.33035,0.11795,0.06943
806,2019,0.48555,0.31873,0.12768,0.06803
807,2019,0.48555,0.31873,0.12768,0.06803
808,2019,0.28977,0.30548,0.30648,0.09826
809,2019,0.27845,0.29816,0.3007,0.1227
810,2019,0.30058,0.3237,0.30636,0.06936
811,2019,0.30058,0.3237,0.30636,0.06936
812,2019,0.36957,0.35507,0.22464,0.05072
813,2019,0.27273,0.27273,0.18182,0.27273
814,2019,0.27273,0.27273,0.18182,0.27273
815,2019,0.40325,0.30679,0.18228,0.10768
816,2019,0.32988,0.32705,0.22714,0.11593
817,2019,0.36948,0.30877,0.20584,0.11591
818,2019,0.47381,0.38571,0.10905,0.03143
819,2019,0.71875,0.25,0.03125,0
820,2019,0.35315,0.32343,0.20221,0.12121
821,2019,0.35315,0.32343,0.20221,0.12121
822,2019,0.16036,0.19468,0.28431,0.36064
823,2019,0.16116,0.20126,0.27358,0.36399
824,2019,0.15818,0.27098,0.27235,0.29849
825,2019,0.1846,0.23105,0.26528,0.31907
826,2019,0.22816,0.24757,0.23301,0.29126
827,2019,0.09787,0.14894,0.30213,0.45106
828,2019,0.11392,0.11392,0.35443,0.41772
829,2019,0.18584,0.12389,0.30088,0.38938
830,2019,0.11468,0.11927,0.31881,0.44725
831,2019,0.05797,0.05797,0.31884,0.56522
832,2019,0.12249,0.1245,0.26104,0.49197
833,2019,0.11391,0.11511,0.29976,0.47122
834,2019,0.14085,0.12676,0.30986,0.42254
835,2019,0.22535,0.16901,0.26056,0.34507
836,2019,0.08824,0.13529,0.26765,0.50882
837,2019,0.12941,0.14118,0.30588,0.42353
838,2019,0.23418,0.20886,0.23418,0.32278
839,2019,0.1405,0.14876,0.30165,0.40909
840,2019,0.19913,0.21645,0.32035,0.26407
841,2019,0.16908,0.28019,0.24155,0.30918
842,2019,0.20852,0.22197,0.23543,0.33408
843,2019,0.21442,0.22736,0.26248,0.29575
844,2019,0.1893,0.20782,0.22531,0.37757
845,2019,0.14894,0.16667,0.21277,0.47163
846,2019,0.16478,0.11447,0.20881,0.51195
847,2019,0.16667,0.14341,0.20543,0.4845
848,2019,0.11556,0.16889,0.23556,0.48
849,2019,0.12264,0.13208,0.30189,0.4434
850,2019,0.08451,0.11066,0.23944,0.56539
851,2019,0.23432,0.17932,0.23102,0.35534
852,2019,0.22774,0.22089,0.24144,0.30993
853,2019,0.15263,0.16728,0.25885,0.42125
854,2019,0.1464,0.19851,0.29529,0.3598
855,2019,0.13032,0.19514,0.29102,0.38352
856,2019,0.22807,0.23604,0.26396,0.27193
857,2019,0.30425,0.28774,0.22877,0.17925
858,2019,0.30682,0.31818,0.20455,0.17045
859,2019,0.30283,0.30065,0.21569,0.18083
860,2019,0.29141,0.30061,0.23006,0.17791
861,2019,0.35385,0.28923,0.24,0.11692
862,2019,0.29129,0.29779,0.25488,0.15605
863,2019,0.32143,0.21429,0.32143,0.14286
864,2019,0.32599,0.28855,0.23789,0.14758
865,2019,0.32599,0.28855,0.23789,0.14758
866,2019,0.29073,0.29393,0.22364,0.19169
867,2019,0.25672,0.28606,0.26161,0.1956
868,2019,0.27751,0.27512,0.27512,0.17225
869,2019,0.33776,0.27139,0.20649,0.18437
871,2019,0.3337,0.27093,0.24119,0.15419
872,2019,0.32159,0.28018,0.2141,0.18414
873,2019,0.33299,0.27888,0.23517,0.15297
874,2019,0.30933,0.30521,0.29698,0.08848
875,2019,0.2856,0.3679,0.27078,0.07572
876,2019,0.34234,0.29129,0.27928,0.08709
877,2019,0.22436,0.30769,0.27564,0.19231
878,2019,0.31265,0.25912,0.24331,0.18491
879,2019,0.31501,0.27305,0.2435,0.16844
880,2019,0.31332,0.2758,0.24015,0.17073
881,2019,0.30238,0.29524,0.24127,0.16111
882,2019,0.31412,0.26219,0.23749,0.18619
883,2019,0.25255,0.29735,0.27088,0.17923
884,2019,0.30617,0.33519,0.28827,0.07037
885,2019,0.34,0.31867,0.25467,0.08667
886,2019,0.26303,0.31564,0.28276,0.13856
887,2019,0.29353,0.28358,0.25373,0.16915
888,2019,0.25031,0.31945,0.27239,0.15785
889,2019,0.36842,0.10526,0.42105,0.10526
890,2019,0.3125,0.26989,0.24183,0.17578
891,2019,0.33041,0.24656,0.24531,0.17772
892,2019,0.31985,0.27813,0.24147,0.16056
893,2019,0.30488,0.28455,0.24797,0.1626
894,2019,0.25194,0.25661,0.30171,0.18974
895,2019,0.33102,0.2726,0.24618,0.15021
896,2019,0.33333,0.24123,0.25877,0.16667
897,2019,0.36559,0.24194,0.24731,0.14516
898,2019,0.30967,0.28852,0.21601,0.1858
899,2019,0.23547,0.20302,0.23849,0.32302
900,2019,0.20244,0.20675,0.23403,0.35678
901,2019,0.12662,0.15055,0.27418,0.44865
902,2019,0.2963,0.25463,0.30787,0.1412
903,2019,0.2963,0.25463,0.30787,0.1412
904,2019,0,1,0,0
905,2019,0.39683,0.28571,0.1746,0.14286
906,2019,0.25,0.5,0.25,0
908,2019,0.25,0.5,0.25,0
909,2019,0.29762,0.35714,0.2619,0.08333
910,2019,0.33956,0.35826,0.22741,0.07477
911,2019,0.30172,0.26942,0.25292,0.17595
912,2019,0.28241,0.3287,0.2963,0.09259
913,2019,0.27618,0.29919,0.27388,0.15075
914,2019,0.27618,0.29919,0.27388,0.15075
915,2019,0.35878,0.32824,0.22137,0.0916
916,2019,0.35878,0.32824,0.22137,0.0916
917,2019,0.20992,0.29771,0.34351,0.14885
918,2019,0.5,0.5,0,0
919,2019,0.28541,0.33691,0.2897,0.08798
920,2019,0.30658,0.34295,0.25016,0.10031
921,2019,0.30658,0.34295,0.25016,0.10031
922,2019,0.30367,0.37994,0.25282,0.06356
923,2019,0.32143,0.26923,0.25,0.15934
924,2019,0.27745,0.25816,0.27003,0.19436
925,2019,0.05882,0.58824,0.29412,0.05882
926,2019,0.2537,0.29572,0.29416,0.15642
927,2019,0.26683,0.30175,0.28928,0.14214
928,2019,0.26683,0.30175,0.28928,0.14214
929,2019,0.25135,0.3018,0.3018,0.14505
930,2019,0.2252,0.29759,0.29759,0.17962
931,2019,0.36851,0.25433,0.20069,0.17647
932,2019,0.3875,0.225,0.215,0.1725
933,2019,0.38388,0.21949,0.22131,0.17532
934,2019,0.40715,0.23659,0.18569,0.17056
935,2019,0.40256,0.19489,0.26198,0.14058
936,2019,0.33206,0.32824,0.17557,0.16412
937,2019,0.34899,0.25168,0.22483,0.1745
938,2019,0.37942,0.22877,0.21451,0.17731
939,2019,0.3253,0.25663,0.24458,0.17349
940,2019,0.34442,0.27025,0.20801,0.17732
941,2019,0.34072,0.25485,0.22161,0.18283
942,2019,0.28571,0.28571,0.28571,0.14286
943,2019,0.42979,0.24681,0.26383,0.05957
944,2019,0.53492,0.25043,0.17547,0.03918
945,2019,0.43464,0.29248,0.22059,0.05229
946,2019,0.47434,0.2233,0.23994,0.06241
947,2019,0.39175,0.27216,0.25361,0.08247
948,2019,0.4059,0.3023,0.20852,0.08328
949,2019,0.35141,0.29826,0.24187,0.10846
950,2019,0.33803,0.32394,0.19718,0.14085
951,2019,0.50798,0.2554,0.18592,0.0507
952,2019,0.21415,0.28094,0.32613,0.17878
953,2019,0.52179,0.23245,0.19249,0.05327
954,2019,0.25,0.28797,0.29114,0.17089
955,2019,0.49048,0.24597,0.20644,0.0571
956,2019,0.43845,0.213,0.17842,0.17012
957,2019,0.23308,0.30827,0.31203,0.14662
958,2019,0.26351,0.29595,0.29865,0.14189
959,2019,0.24657,0.30007,0.2979,0.15546
960,2019,0.22842,0.30677,0.30146,0.16335
961,2019,0.23178,0.30748,0.3243,0.13645
962,2019,0.24277,0.28709,0.30058,0.16956
963,2019,0.25567,0.31188,0.28377,0.14869
964,2019,0.25567,0.31188,0.28377,0.14869
965,2019,0.23661,0.31473,0.29129,0.15737
966,2019,0.23877,0.34043,0.26714,0.15366
967,2019,0.28,0.33882,0.24706,0.13412
968,2019,0.29447,0.29895,0.24963,0.15695
969,2019,0.35802,0.32004,0.22127,0.10066
970,2019,0.34803,0.34571,0.21578,0.09049
971,2019,0.46429,0.28571,0.20238,0.04762
972,2019,0.46429,0.28571,0.20238,0.04762
973,2019,0.41474,0.27579,0.22526,0.08421
974,2019,0.3376,0.29823,0.24705,0.11713
975,2019,0.3376,0.29823,0.24705,0.11713
976,2019,0.41144,0.2805,0.2419,0.06616
977,2019,0.41144,0.2805,0.2419,0.06616
978,2019,0.42851,0.28464,0.21977,0.06708
979,2019,0.43557,0.30412,0.18557,0.07474
980,2019,0.2957,0.35484,0.25806,0.0914
981,2019,0.28534,0.27749,0.34031,0.09686
982,2019,0.2513,0.28076,0.34662,0.12132
983,2019,0.33496,0.32274,0.23227,0.11002
984,2019,0.48387,0.22581,0.22581,0.06452
985,2019,0.46579,0.25428,0.22006,0.05988
986,2019,0.38378,0.31351,0.18559,0.11712
987,2019,0.48304,0.24394,0.22456,0.04847
988,2019,0.44751,0.30387,0.1989,0.04972
989,2019,0.29681,0.30073,0.29234,0.11012
990,2019,0.27051,0.29268,0.32373,0.11308
991,2019,0.30496,0.3044,0.28354,0.1071
992,2019,0.29072,0.31406,0.28961,0.10561
993,2019,0.28305,0.24915,0.35424,0.11356
994,2019,0.30921,0.30592,0.29523,0.08964
995,2019,0.23864,0.35434,0.30062,0.1064
996,2019,0.25467,0.33038,0.29302,0.12193
997,2019,0.26821,0.32781,0.30298,0.10099
998,2019,0.4437,0.25469,0.25067,0.05094
999,2019,0.35845,0.36151,0.24949,0.03055
1000,2019,0.36709,0.34599,0.25738,0.02954
1001,2019,0.44149,0.26059,0.23593,0.06199
1002,2019,0.52174,0.21981,0.21256,0.04589
1004,2019,0.34158,0.3404,0.26502,0.053
1006,2019,0.31419,0.3445,0.29187,0.04944
1007,2019,0.30346,0.33198,0.31772,0.04684
1008,2019,0.28941,0.34459,0.31419,0.0518
1009,2019,0.28941,0.34459,0.31419,0.0518
1010,2019,0.30478,0.35706,0.29477,0.04338
1011,2019,0.34501,0.35445,0.26146,0.03908
1012,2019,0.35294,0.40523,0.19608,0.04575
1013,2019,0,1,0,0
1014,2019,0.17391,0.28986,0.38261,0.15362
1015,2019,0.17391,0.28986,0.38261,0.15362
1016,2019,0.27971,0.35832,0.27239,0.08958
1017,2019,0.12371,0.30155,0.3866,0.18814
1018,2019,0.17325,0.30482,0.33333,0.1886
1019,2019,0.25,0.25,0.5,0
1020,2019,0.22157,0.32549,0.33725,0.11569
1021,2019,0.19348,0.27699,0.38493,0.1446
1022,2019,0.26534,0.33476,0.30575,0.09415
1023,2019,0.23837,0.33818,0.31977,0.10368
1024,2019,0.23553,0.34331,0.33533,0.08583
1025,2019,0.23094,0.3573,0.30283,0.10893
1026,2019,0.19737,0.35766,0.32057,0.1244
1027,2019,0.2567,0.29241,0.32143,0.12946
1028,2019,0.22743,0.33143,0.33143,0.10971
1029,2019,0,0.5,0,0.5
1030,2019,0.24402,0.31938,0.32656,0.11005
1031,2019,0.22719,0.32588,0.32775,0.11918
1032,2019,0.20721,0.32883,0.33874,0.12523
1033,2019,0,0,0,1
1034,2019,0,0,0,1
1035,2019,0.22119,0.2938,0.35643,0.12858
1036,2019,0.15749,0.32404,0.34432,0.17415
1037,2019,0.17671,0.31773,0.33236,0.1732
1038,2019,0.13601,0.3534,0.32553,0.18506
1039,2019,0.1888,0.31846,0.34232,0.15041
1040,2019,0.16667,0.31418,0.3659,0.15326
1041,2019,0.16667,0.31418,0.3659,0.15326
1042,2019,0.42857,0.23214,0.25,0.08929
1043,2019,0.46154,0.11538,0.23077,0.19231
1044,2019,0.51082,0.24098,0.19481,0.05339
1045,2019,0.50132,0.27441,0.16359,0.06069
1046,2019,0.54783,0.25652,0.16087,0.03478
1047,2019,0.39914,0.37768,0.18026,0.04292
1048,2019,0.57983,0.26331,0.13445,0.02241
1049,2019,0.51638,0.29094,0.16378,0.0289
1050,2019,0.33333,0.66667,0,0
1051,2019,0.50592,0.30178,0.15089,0.04142
1052,2019,0.50431,0.28017,0.18822,0.0273
1053,2019,0.43051,0.32712,0.21017,0.0322
1054,2019,0.31877,0.39159,0.21845,0.0712
1055,2019,0.27122,0.4472,0.2236,0.05797
1056,2019,0.38762,0.40242,0.17631,0.03365
1057,2019,0.31148,0.44028,0.19906,0.04918
1058,2019,0.33571,0.43571,0.18095,0.04762
1059,2019,0.3018,0.43243,0.22973,0.03604
1060,2019,0.29254,0.42985,0.2209,0.05672
1061,2019,0.28814,0.42835,0.23883,0.04468
1062,2019,0.31117,0.42574,0.21216,0.05092
1063,2019,0.30519,0.34091,0.27597,0.07792
1064,2019,0.27464,0.34733,0.32149,0.05654
1065,2019,0.31513,0.41912,0.21218,0.05357
1066,2019,0.2029,0.34783,0.35507,0.0942
1067,2019,0.24814,0.35236,0.34739,0.05211
1068,2019,0.28793,0.40517,0.24828,0.05862
1069,2019,0.28995,0.41516,0.24217,0.05272
1070,2019,0.3453,0.40608,0.19337,0.05525
1071,2019,0.34146,0.34959,0.2439,0.06504
1072,2019,0.40691,0.30319,0.20213,0.08777
1073,2019,0.35394,0.2897,0.24606,0.1103
1075,2019,0.29756,0.34704,0.30662,0.04878
1076,2019,0.27611,0.32334,0.34242,0.05813
1077,2019,0.25093,0.35409,0.34015,0.05483
1078,2019,0,0.5,0.5,0
1079,2019,0.29792,0.34873,0.28984,0.06351
1080,2019,0.4,0.33333,0.13333,0.13333
1081,2019,0.2,0.4,0.2,0.2
1082,2019,0.33284,0.30758,0.24517,0.11441
1083,2019,0.34532,0.26619,0.27338,0.11511
1084,2019,0.33871,0.28226,0.28629,0.09274
1085,2019,0.35342,0.26027,0.30137,0.08493
1086,2019,0.81343,0.12313,0.04478,0.01866
1087,2019,0.47362,0.29344,0.19176,0.04118
1088,2019,0.36567,0.32836,0.25373,0.05224
1089,2019,0.52482,0.26241,0.18085,0.03191
1090,2019,0.3707,0.3121,0.26624,0.05096
1091,2019,0.32886,0.30872,0.30872,0.05369
1092,2019,0.34534,0.35381,0.24788,0.05297
1093,2019,0.34593,0.375,0.23256,0.04651
1094,2019,0.40775,0.30258,0.2417,0.04797
1095,2019,0.35054,0.30163,0.30435,0.04348
1096,2019,0.30122,0.39313,0.25471,0.05094
1097,2019,0.34389,0.38462,0.23077,0.04072
1098,2019,0.35964,0.35738,0.2345,0.04848
1099,2019,0.32796,0.34692,0.26635,0.05877
1100,2019,0.31695,0.3839,0.24322,0.05593
1101,2019,0.38429,0.35429,0.22857,0.03286
1102,2019,0.32665,0.37382,0.23939,0.06014
1103,2019,0.33236,0.384,0.22255,0.06109
1104,2019,0.29132,0.35014,0.29505,0.06349
1105,2019,0.30542,0.37438,0.28079,0.03941
1106,2019,0.28606,0.35616,0.29331,0.06446
1107,2019,0.28455,0.29878,0.33537,0.0813
1108,2019,0.2861,0.35695,0.29609,0.06085
1109,2019,0.47311,0.33931,0.16528,0.0223
1112,2019,0.41229,0.35419,0.19441,0.03911
1114,2019,0.40741,0.33148,0.21667,0.04444
1116,2019,0.39437,0.38028,0.15493,0.07042
1117,2019,0.38821,0.35702,0.21028,0.04448
1118,2019,0.38396,0.36695,0.20656,0.04253
1119,2019,0.27991,0.34829,0.32051,0.05128
1120,2019,0.36879,0.32151,0.25177,0.05792
1121,2019,0.30872,0.36614,0.26771,0.05742
1122,2019,0.27919,0.37056,0.28934,0.06091
1123,2019,0.28821,0.35371,0.29258,0.0655
1125,2019,0.53333,0.27154,0.17236,0.02276
1126,2019,0.51762,0.24932,0.20054,0.03252
1127,2019,0.49693,0.3047,0.16564,0.03272
1128,2019,0.40909,0.31818,0.18182,0.09091
1129,2019,0.43347,0.29973,0.22312,0.04368
1130,2019,0.43601,0.28532,0.24654,0.03213
1131,2019,0.41358,0.33333,0.21605,0.03704
1132,2019,0.40198,0.33472,0.22784,0.03545
1133,2019,0.48125,0.28125,0.20625,0.03125
1134,2019,0.51079,0.28897,0.16547,0.03477
1135,2019,0.47009,0.28205,0.19231,0.05556
1136,2019,0.45963,0.30021,0.19669,0.04348
1137,2019,0.51471,0.27206,0.15809,0.05515
1138,2019,0.491,0.30077,0.18766,0.02057
1139,2019,0.51815,0.27723,0.18152,0.0231
1140,2019,0.53873,0.25352,0.15493,0.05282
1141,2019,0.49816,0.29009,0.1787,0.03305
1142,2019,0.42977,0.29431,0.22074,0.05518
1143,2019,0.35519,0.3388,0.2459,0.06011
1144,2019,0.50251,0.26131,0.17085,0.06533
1145,2019,0.52586,0.27155,0.15517,0.04741
1146,2019,0.5,0.2957,0.17204,0.03226
1147,2019,0.22098,0.40402,0.31473,0.06027
1148,2019,0.26531,0.35459,0.34439,0.03571
1149,2019,0.22917,0.39583,0.3125,0.0625
1151,2019,0.26566,0.37845,0.31078,0.04511
1152,2019,0.32491,0.30686,0.31769,0.05054
1153,2019,0.31667,0.30833,0.3375,0.0375
1154,2019,0.29174,0.37603,0.28843,0.0438
1155,2019,0.29905,0.36761,0.28487,0.04846
1156,2019,0.10526,0.47368,0.42105,0
1157,2019,0.31694,0.35519,0.29508,0.03279
1158,2019,0.37078,0.35982,0.22922,0.04018
1159,2019,0.34749,0.35429,0.25149,0.04673
1160,2019,0.30431,0.34919,0.29623,0.05027
1161,2019,0.47114,0.28861,0.19813,0.04212
1162,2019,0.45283,0.29874,0.18553,0.06289
1163,2019,0.33813,0.31655,0.25899,0.08633
1164,2019,0.49782,0.29694,0.18777,0.01747
1165,2019,0.4836,0.31227,0.1616,0.04253
1166,2019,0.38326,0.37885,0.19383,0.04405
1167,2019,0.40415,0.32388,0.2346,0.03737
1168,2019,0.35032,0.33121,0.24841,0.07006
1169,2019,0.36519,0.34471,0.24232,0.04778
1170,2019,0.35697,0.35817,0.24159,0.04327
1171,2019,0.3662,0.22535,0.40845,0
1172,2019,0.27273,0.20779,0.31169,0.20779
1173,2019,0.40392,0.3098,0.23137,0.0549
1174,2019,0.42424,0.2987,0.25108,0.02597
1175,2019,0.38772,0.33118,0.24637,0.03473
1176,2019,0.75,0.25,0,0
1177,2019,0.27778,0.27222,0.31111,0.13889
1179,2019,0.33333,0,0.66667,0
1180,2019,0.20673,0.23678,0.36538,0.19111
1181,2019,0.21032,0.26968,0.3671,0.1529
1182,2019,0.12745,0.27451,0.43137,0.16667
1183,2019,0.09524,0.31746,0.46032,0.12698
1184,2019,0.31707,0.23171,0.34756,0.10366
1185,2019,0.28,0.21333,0.31333,0.19333
1186,2019,0.11765,0.47059,0.29412,0.11765
1187,2019,0.23193,0.25291,0.34091,0.17424
1188,2019,0.22711,0.31868,0.29304,0.16117
1189,2019,0.27637,0.25501,0.32043,0.1482
1190,2019,0.22222,0.24198,0.34198,0.19383
1191,2019,0.29159,0.27502,0.28361,0.14979
1192,2019,0.30747,0.27874,0.25862,0.15517
1193,2019,0.23481,0.25322,0.3361,0.17587
1194,2019,0.23481,0.25322,0.3361,0.17587
1195,2019,0.20107,0.2252,0.34987,0.22386
1196,2019,0.18421,0.24561,0.32456,0.24561
1197,2019,0.19149,0.27128,0.31383,0.2234
1198,2019,0.26834,0.23552,0.31274,0.1834
1199,2019,0.21505,0.24731,0.27957,0.25806
1200,2019,0.2449,0.2449,0.31122,0.19898
1201,2019,0.19685,0.20472,0.35827,0.24016
1202,2019,0.17857,0.42857,0.28571,0.10714
1203,2019,0.19167,0.21389,0.35972,0.23472
1204,2019,0.2809,0.30337,0.25843,0.1573
1205,2019,0.47849,0.25806,0.22043,0.04301
1206,2019,0.41029,0.33377,0.20317,0.05277
1207,2019,0.37042,0.31332,0.25329,0.06296
1208,2019,0.27662,0.38672,0.30937,0.0273
1209,2019,0.3195,0.33087,0.28198,0.06765
1210,2019,0.35,0.3,0.25,0.1
1211,2019,0.26123,0.40344,0.3009,0.03443
1212,2019,0.26316,0.38756,0.3126,0.03668
1213,2019,0.27711,0.37952,0.30843,0.03494
1215,2019,0.25,0.32143,0.41071,0.01786
1216,2019,0.43085,0.30851,0.20745,0.05319
1217,2019,0.33704,0.35741,0.28889,0.01667
1218,2019,0.31868,0.48352,0.16484,0.03297
1219,2019,0.24375,0.38125,0.3,0.075
1220,2019,0.33333,0.33333,0.22222,0.11111
1223,2019,0.34042,0.30436,0.28729,0.06793
1224,2019,0.26781,0.35224,0.30739,0.07256
1225,2019,0.33936,0.32329,0.26305,0.0743
1226,2019,0.25,0.35,0.35,0.05
1227,2019,0.37013,0.2013,0.35065,0.07792
1228,2019,0.31384,0.29825,0.2846,0.10331
1229,2019,0.77778,0.22222,0,0
1230,2019,0.30744,0.33657,0.26537,0.09061
1231,2019,0.28966,0.37241,0.28276,0.05517
1232,2019,0.21212,0.33333,0.33333,0.12121
1233,2019,0.25296,0.33202,0.31225,0.10277
1235,2019,0.31507,0.27397,0.32877,0.08219
1236,2019,0.25547,0.35401,0.31752,0.07299
1237,2019,0.24415,0.31104,0.32441,0.1204
1238,2019,0.28195,0.26692,0.31955,0.13158
1239,2019,0.23141,0.31871,0.34273,0.10716
1240,2019,0.20639,0.29484,0.36978,0.12899
1241,2019,0.19008,0.32727,0.36198,0.12066
1242,2019,0.21676,0.29809,0.35255,0.1326
1243,2019,0.30356,0.31996,0.29717,0.07931
1244,2019,0.24367,0.31013,0.30538,0.14082
1245,2019,0.28131,0.31656,0.27396,0.12817
1246,2019,0.23682,0.31213,0.31967,0.13138
1247,2019,0.23354,0.29823,0.31082,0.15741
1248,2019,0.26051,0.31308,0.29322,0.13318
1249,2019,0.25743,0.3027,0.30743,0.13243
1250,2019,0.22394,0.28803,0.34648,0.14155
1251,2019,0.44898,0.32653,0.18367,0.04082
1252,2019,0.27615,0.4205,0.27615,0.0272
1253,2019,0.2,0.45,0.3,0.05
1254,2019,0.25,0.25,0.41667,0.08333
1255,2019,0.30769,0.34911,0.31361,0.02959
1256,2019,0,0,1,0
1259,2019,0.37998,0.3322,0.21957,0.06826
1260,2019,0.35706,0.32672,0.24971,0.06651
1261,2019,0.29904,0.35531,0.26206,0.0836
1262,2019,0.28667,0.32,0.33333,0.06
1263,2019,0.37924,0.34132,0.23353,0.04591
1265,2019,0.48322,0.30201,0.18121,0.03356
1266,2019,0.28571,0.45714,0.22857,0.02857
1267,2019,0.34457,0.31743,0.26645,0.07155
1268,2019,0.47619,0.14286,0.28571,0.09524
1269,2019,0.31256,0.35708,0.24933,0.08103
1270,2019,0.28279,0.33811,0.28484,0.09426
1271,2019,0.34028,0.35301,0.22569,0.08102
1272,2019,0.36222,0.32582,0.24783,0.06412
1274,2019,0.87196,0.68165,0.36542,0.08095
1275,2019,0.35028,0.34463,0.25424,0.05085
1276,2019,0.35484,0.32258,0.16129,0.16129
1277,2019,0.29589,0.32603,0.29041,0.08767
1278,2019,0.29045,0.35517,0.27966,0.07471
1279,2019,0.36364,0.38182,0.18182,0.07273
1280,2019,0.30432,0.3501,0.26564,0.07995
1281,2019,0.30432,0.3501,0.26564,0.07995
1282,2019,0.3491,0.3956,0.19657,0.05873
1283,2019,0.31135,0.31398,0.29815,0.07652
1284,2019,0.3079,0.34764,0.27875,0.06571
1285,2019,0.29983,0.36683,0.25293,0.0804
1286,2019,0.28742,0.35762,0.26623,0.08874
1287,2019,0.26935,0.32589,0.30804,0.09673
1288,2019,0.25886,0.34596,0.30266,0.09252
1289,2019,0.27089,0.38814,0.26011,0.08086
1290,2019,0.38333,0.25,0.24167,0.125
1291,2019,0.25658,0.36184,0.31579,0.06579
1292,2019,0.39898,0.32737,0.21739,0.05627
1293,2019,0.3777,0.35612,0.21942,0.04676
1294,2019,0.37121,0.33712,0.23485,0.05682
1295,2019,0.26592,0.3221,0.31742,0.09457
1296,2019,0.36482,0.29316,0.27687,0.06515
1297,2019,0.2766,0.40426,0.23404,0.08511
1298,2019,0.33638,0.31312,0.27409,0.07641
1299,2019,0.32587,0.30346,0.25866,0.11202
1301,2019,0.40976,0.34146,0.19024,0.05854
1302,2019,0.38302,0.33333,0.22774,0.0559
1303,2019,0.46739,0.27174,0.20652,0.05435
1304,2019,0.38121,0.35284,0.20745,0.05851
1305,2019,0.33654,0.35517,0.23892,0.06936
1306,2019,0.32429,0.36439,0.24882,0.0625
1307,2019,0.35857,0.31076,0.27092,0.05976
